AF3_delta,AF4_delta,F3_delta,F4_delta,F7_delta,F8_delta,FC5_delta,FC6_delta,T7_delta,T8_delta,P7_delta,P8_delta,O1_delta,O2_delta,AF3_theta,AF4_theta,F3_theta,F4_theta,F7_theta,F8_theta,FC5_theta,FC6_theta,T7_theta,T8_theta,P7_theta,P8_theta,O1_theta,O2_theta,AF3_alpha,AF4_alpha,F3_alpha,F4_alpha,F7_alpha,F8_alpha,FC5_alpha,FC6_alpha,T7_alpha,T8_alpha,P7_alpha,P8_alpha,O1_alpha,O2_alpha,AF3_beta,AF4_beta,F3_beta,F4_beta,F7_beta,F8_beta,FC5_beta,FC6_beta,T7_beta,T8_beta,P7_beta,P8_beta,O1_beta,O2_beta,AF3_gamma,AF4_gamma,F3_gamma,F4_gamma,F7_gamma,F8_gamma,FC5_gamma,FC6_gamma,T7_gamma,T8_gamma,P7_gamma,P8_gamma,O1_gamma,O2_gamma
2.5670016224831413,2.0674324339469856,1.0405497407375042,0.8304181564000523,1.562666792682169,0.39482904585505635,0.0832868567620454,0.029638837023031866,-0.4956023776257007,1.1139167588869243,0.20277819603691666,1.0459522442075126,3.8912875885029194,0.2377020798279031,0.4437809648199518,0.4931711678368401,0.41432466908633336,-0.09692993644960726,-0.8416928131978676,-1.3773144319188453,-0.08268380289868246,-0.16301945522763295,-1.1025094849453692,1.4836462226171723,-1.22337653493675,2.1963968640080562,3.248137956760014,-0.8788612412213936,0.1571837723400351,0.5140545843861127,-0.2658327329398156,-0.7235031620266237,0.03976094836197262,1.7984157799474247,-0.5960169201617194,-0.0636303846861921,-0.8395515127951223,-0.6993414924009436,1.184733936714529,-1.038355988899412,2.4829122012749316,-0.696203498119186,-0.6768148507788523,-0.9879503430221995,1.7985565954435159,0.0219317717757199,-0.4557566735089224,0.5245419509438072,-0.8149672843249165,-0.122429789375693,-0.06350980109189928,-0.5874984602893011,0.16212213072237952,-1.0323046119561972,2.74256770080761,-0.5866575425678241,0.4595019937756108,0.5824194063643328,-0.15733943860084615,1.2502800676602028,1.0781219355373333,0.9272731722360662,-0.7985840220138702,-2.0134388411702244,-0.46000252613450837,0.7491045783284812,1.6289208527810781,-0.3108256669031949,1.9415868447034328,0.9360145047945818
0.5263273001991164,0.2050342495786431,2.3388177463881106,0.8392277525784326,0.4123312912687701,-0.8855637812530538,4.675060617456317,-0.23195661233943282,-0.5497178101474041,-0.7295778102595369,0.7471316592233691,0.48320967650392266,0.12757391890376155,1.222295640348039,-0.8427333754128429,0.17677098194611982,-0.08844950866907193,0.2523264889911729,-0.5236348994521509,0.5745824901273645,3.9768842297931655,-0.14020690556415025,-0.9783250054571825,-0.32839688638882375,-0.8833788075734442,-1.3060164979274196,-0.7646751444095903,1.5627070014448392,0.05806914824763663,-0.4250453687935093,-0.2623276774074527,0.18225344401755839,0.08658238556764863,-0.17017102361011519,2.4670894012620384,1.2148741357171127,-0.74894552018607,1.1482200397762687,-0.14776664836494707,0.5041294285589838,0.025247933409897203,-0.23324512474859616,-1.1255988037207487,-1.0623803095040754,-0.36726151388484024,0.0726876802173383,-0.7138011933894439,-0.794051930008413,1.6827767238618274,1.189191408420581,0.11778746332784046,-0.2540969618902582,-0.9715535261652568,-0.42361247763670185,-1.3245834546530275,0.0297968401096899,-0.7756802724303516,-0.17839335535335848,0.10397194566757213,0.05204772848777351,-1.1590897615934888,-0.21622848747055873,0.44678437165206536,-0.333684620675206,-0.6909686190231994,0.059253369307690006,-1.4215391218147635,-0.7624138977393689,-1.590467322695648,-1.5014543714341448
-0.5754894641694769,-1.206220089151281,0.3289537405311648,-0.5235357191125545,-1.2875711273951096,-1.1716820991178423,-0.14362985152463742,-0.3470792991465484,-0.364823789341329,-1.0707104370468876,-0.8017285555490169,-1.1598616636868635,-1.2698532356966974,-1.054531468970454,-0.5101147774040624,0.3164534427287397,0.5035539017308163,-0.3167336930328535,-0.33771036560528683,-0.19121069459692688,0.4896660339801203,-0.08864941720447393,-1.0964205623887333,-1.3262613880618557,0.5618986020235799,-1.362849666775126,0.8708991691150473,-0.03445283285608636,-0.43172857647965945,-0.20505381091400934,-1.2445864017043338,-0.5897088824027091,-0.6703951471201991,-0.4848513544448652,-0.1372048993505685,-0.3942002719801918,-0.2846401209998414,-0.12658453023687197,0.739428512164946,-0.6098435191796705,-0.19553942358423604,-0.42039510267848795,-0.42336995144701445,-0.8172937769557637,-1.1319282022198167,-0.9972527273349985,-1.347078669964149,-1.7472998846109136,0.6111212090494414,-0.07034041119597538,0.4462990797867395,0.3174055602234477,-0.13585870174488832,0.20661540677114537,-0.6171120414391779,-0.1570867679520328,-0.5411181900149876,0.7062346522227293,-0.4811523960219402,-0.21625533692347862,1.2228515042677768,1.4480109977475184,-0.8114819487241985,0.5732049737801687,-1.3826224458963565,-0.4634732425000296,-0.8255141729120349,1.43881086194473,-1.6417155625399276,0.48418361059114073
0.7163435289308372,-0.40399249864580267,1.215244569432631,-0.7274065004128627,-0.2383724744188576,0.01556000580675474,-0.26236849141523527,-0.1606069668422454,0.7404630465928295,-0.42426738634603195,-0.10515172772632642,-0.9578836921031367,0.976359117423432,-1.0989670079991778,-0.44056807127849007,0.22515550652982808,-0.25215701776228266,-0.9902644489790742,-0.5061670495295677,-1.5033613717718035,-0.019935491405038544,-0.27997968408704965,0.1325886879458498,0.7514738399409144,-0.28597537213718055,0.7449732802382274,0.06766942529114567,0.6474700740982736,-0.8429517628510766,-1.096639833520985,-1.1483762590486826,-0.341646994439682,-0.15801321056579842,-0.6569487143097531,-0.40658715959872155,0.310906818266675,-0.03164077967866484,0.1447196563779631,0.8663320195524514,-0.04925726181047783,0.0007343833959682349,0.05187599087007326,1.3121036540710274,-0.326222603071078,-0.7288740443326462,-1.4154995003556778,0.4363093387476284,-0.28352790474373357,-0.31132513926181055,-0.33070357461778666,1.2200286884710934,-0.9184857464566216,-1.6217050289703,0.5776217489962115,-1.1194547701541242,0.02008136725618707,1.719312682863533,-0.4809670108718478,-0.16123580805295284,-1.3834440118773197,-0.5598650989620689,-1.149042874378014,0.08322751729084467,0.3886807936232897,-0.47406348699520606,-0.9404031027346887,-1.0693590908706672,-0.8020670340028158,0.5192444016510548,1.2487995624627357
1.3140553659227265,-0.04677639102832607,-0.6213437950326862,-0.17855878661797667,-0.9522068246015521,-0.6545850971295925,0.08769808104988246,-0.16995003928283747,-0.464415709646876,-0.06402930290902627,-0.7430024573743964,-0.4081797769472708,-0.07689951141687046,-0.5949541377922598,0.653434902910018,0.35487159378603494,1.0916620864705786,-0.2659194674739648,-0.09022408290700365,0.5569265717800288,-0.3949690439651108,-0.08689565035262026,-0.4695928408060939,-0.08806396641514264,-0.9204164261011043,-0.12259009336192679,0.7912191745325314,0.7048364017291282,-0.6711842841527804,-0.6676113897400788,0.811146653554223,-0.6917236049992512,-0.7263500356576468,-0.21553504876856863,-0.4648969913030953,0.143975581295248,-0.7134669043267773,0.5362077185258454,-1.0248157842068102,-0.469705925204677,-0.9864508048927616,-0.39649769211696473,-1.217237713477908,-2.168677690851831,-0.9701615331571746,-0.7371025103181675,-1.3645565037032934,-0.7486190499110533,-0.4586996277881342,0.9467673768067207,0.9114190841422181,-0.9827285392308445,0.1392466543083748,-1.3935859120350624,-1.3963661223516388,-1.911282579355785,-0.628253750515674,-2.0052468718079792,-0.33575085034577073,-1.4442689069663743,-0.9903270044694609,-1.353931521246681,-0.4773285530769537,-0.04744246157236592,-0.14520794603082177,-1.0672278599202483,0.023890515591339655,-0.1659718091765873,0.9834017777487476,-1.3089053950319822
0.11030576742013225,-0.21804708854473798,1.2522869429900465,-0.47712831982930604,-0.7726820572310265,-0.3466774408580527,-0.24751270370878437,4.699205006389658,-0.9449946532638175,0.535760756533999,0.03509648346860784,0.008011767798397781,-0.6039293042749485,-0.7214245725734597,1.6746335075236198,2.1459992897011126,0.5598664513819597,0.07573538109723615,2.579628758966384,0.8505691499656006,-0.9686624399311822,4.762357005505294,-0.5993061857568468,0.8153707737789584,0.2626664259247783,0.6928704071262053,0.48141241552860004,0.5906734250740665,0.8792044993969791,0.3483234467040844,0.9148649905995382,0.8637104745734772,0.5729871234087545,-0.41520504010798354,0.9346103916157411,4.3827995642074935,-0.21751315212356925,0.3035966333017256,0.6040136301297085,0.8474945159106463,0.3575647555510816,0.7688627187554435,-0.20106368285181253,0.5215767377012842,-0.7020421536611068,-0.16399939141184264,0.866428040307186,2.3414236720489723,-1.313683765611488,4.110352328307121,0.6317055906851342,-1.3403886015140833,1.8682625629935417,-0.11090401838827511,0.9516577892396307,-0.515577129911142,-1.3243334071838109,-1.3368552393189361,-0.842858494846902,-1.6449031727942431,-1.487999442523602,-0.4994034948773082,-0.9966015866433074,-0.014333627286185806,-1.1630046653361963,-0.4079499574550238,-0.4488169337597582,-1.290162617262258,-0.14929679388429817,-1.3636601529474155
1.4716698775877315,1.1135736391895303,0.9310556366761956,2.378324207884225,0.13332641245340768,-1.1247057673155936,-0.39190224909481836,-0.5456288863777898,-1.3172714325920039,-2.0102865445276357,-0.24676566357993132,-1.239661091056495,-0.9232852361209305,-1.006483422696835,1.8160893162972338,-0.0745225455756111,1.9394979616375139,2.216421249750665,1.7001931511513677,1.0435458107288855,-0.46465461665761415,-0.33807605069035096,-0.5735860664198159,-0.1830958140012213,-1.3150441646746978,-0.4111117721260379,-0.6822369491941267,0.02852010966128364,-1.0088466426958798,-1.0801301096166867,-1.3034789551891954,-0.37880838469019457,-0.7124435948373643,-0.9427786044691417,-1.0693303023730696,-0.47234103092780083,-0.31691404147557234,-0.8382173964168564,-0.2752291818259375,-0.854152338308004,-0.8812499003255369,-0.5146713348971027,0.15740885355557818,0.9201695151707943,-0.1217315248067393,0.8000526488067631,-0.3968930240115807,0.1789907526854839,-0.2112028032141551,-0.8869879420368807,0.9711267374889593,-1.1197664496068171,0.5286641945450896,0.08402912079130669,0.021578426107087465,-0.9444812380393613,-0.5834483527070294,-0.13455023721094295,-0.7851647137629515,0.5777238828343457,-0.6632321855791945,-0.977812528034221,-1.168378681325481,-0.038169155033068745,0.3276104876026264,-0.5588080973148188,0.20547269098444454,-0.9406263607020537,-0.45486502198868767,-1.5651121067449298
0.10232388062891777,-0.4303085154019693,1.0883920369137738,-0.5740465994515371,-0.6141413305615033,-0.004076527088495907,-0.3483848257188075,-0.4262442541521022,-1.14840823330287,-1.4532206474964653,3.886042242863053,-1.2889993861815399,-0.6617297386553374,-1.1057965396041265,-0.9884677129449851,-1.5466155605347698,-1.285170287722722,-0.5820798730136265,-1.5437804096402028,-1.8153133802243495,-1.2454866420068829,-0.24773362978524488,-0.3268299115062641,-0.3221064869013691,0.31442189723095954,-0.251521511320416,-1.0900639079005325,-0.5370113656398818,-0.4568767279911256,-1.1960394142212372,0.305686111481851,0.22338136832271885,-0.8992167996488457,-1.2040229840160805,-0.5637957559903092,-0.45079037213322387,-0.4670027767983351,-1.181125016487854,-1.1637745340083174,-0.7025341279264383,-1.1972043752187937,-0.591542335663645,-1.3345562264229318,-0.5532246099466297,-1.4751474119966586,-1.5771247866874272,-0.4960201807558302,-0.42236821892227777,0.04583072699993123,-1.0790055452858838,-1.3239549081763446,-0.8680943046092056,-0.8338241085484731,-1.4462698552695874,0.25611749335638695,-0.629554558305562,-0.8079071084897634,-0.5172339459718054,-1.463030582200495,-0.27708109276341236,-1.5588790470806217,-1.0742214630364295,-0.706752253599831,0.5701223151871934,-0.5781471445736373,-0.7192740487801105,-0.8135761119939104,-1.5490311219445767,0.447310012351991,-1.0030461330588614
-1.0270879247750089,-0.5761032500409773,-1.0669161164756822,-0.3789123829270233,-0.8590770460962573,-0.38206436911667946,-0.4170199040165702,-0.25836358923408265,-0.79908020003554,-0.8334899896871626,-1.047180938785852,-0.4981931584764297,-0.044272398439192576,0.2728381666615187,-1.7364340766319248,-0.6309372259453803,-0.5467946219619793,-0.27872165159651885,-0.7539863418773969,-0.32026855430686835,-0.4245536472716916,-0.18673007316580084,0.10268643502134894,0.4393065685629841,1.367393365635343,-0.16264274395838724,0.00668452952250501,-1.3262564750215664,0.6869655389524302,1.2200085741552447,-1.0860476639075318,-0.22832559940621858,0.7469190275502023,0.4304457454741421,0.16310212167646854,-0.39918201398945946,-0.7876097161978951,-1.2440364147196288,0.9563566973564355,-0.36469126921567185,1.4499693513061889,1.7462801317740801,-0.19490113898163344,-1.2149914616804427,0.7068287605673405,-0.5712623159926608,-0.1654070585436679,-0.4617218452576715,-0.7359431193533746,-0.31470458447552424,-1.6680273920067907,0.16246390689939047,-0.7003401927516134,0.1687741402356389,0.35007279556893905,0.2943145817988862,-0.5163575094763441,0.43967588917318345,-0.022603811076412586,0.5617704651373947,-0.6068241840222256,-0.4920331368249421,-0.15364639360626633,0.2736717477448026,0.9782217761671299,1.3981848565817687,-0.14564647587348578,1.0467050132505582,0.5940080398744976,0.26789532225466645
0.6846232918373202,0.9093107247295615,0.05732535793905198,-0.032546302149295096,-0.5323551368977428,-0.46738079313916897,-0.28068714085704566,-0.31360221563296614,0.663234344849444,0.6829593689911664,0.16906560419232686,-0.5693967921512101,0.010092316794739492,-0.41383324804683336,-0.10277664964832066,-1.4502987781987078,1.6036105209059552,-0.6793583248985313,-1.6556903188680625,-0.9009159976481148,-0.3866811235278837,-0.46199063377698313,-0.45030841041272657,-1.7423954082971636,-1.154785271818172,-2.362593109762865,-0.9501248295192337,-1.5909392130422806,-0.5531675351454455,-0.6161086269446894,-0.5100142537986674,0.04515593353963731,-0.6981419787242442,-1.4704888272556922,0.20169646577515776,-0.15932659280632347,-0.6325355523150632,0.23688479336549537,-1.1817699047237933,-0.19586669182434593,-1.2158250210360084,-0.5555622968063523,1.300771843927267,-0.46285287696897054,-0.14082886070996092,0.46245611104315004,0.4230863790474986,-0.776640770141842,-0.8442712735572396,-0.3329955012608938,-0.8275758798854101,0.8695097914729593,0.27832932890462814,-1.1669509212955995,-0.4432596816985527,0.1197167760333883,1.0146461997447134,0.2983229853604949,1.7607181181320823,-0.5232476713856447,0.16850944876029111,-0.15068746795993104,0.15138733522271286,0.22660972354962422,0.5443893503154921,0.2574721258739848,-0.579439269982524,-0.5169374186262082,-1.0814665044566598,-0.5823350223359021
-0.5812613159395797,-0.26778342356542845,-0.887430407781883,-0.5567917054217979,-1.4155542040209736,-0.9820150081236535,-0.33766820422933874,-0.4168560159856305,0.17983707224475265,-0.9905440268353211,-0.758236563798676,-0.6329987262337837,-0.6341037927677335,-1.1627056123615296,0.7458220962158092,0.9023565754095699,0.9091846435742782,0.040588964957770854,1.1367722845276107,1.2858923252238286,0.29570680178493386,-0.22870188007123807,-0.5041360556423596,-1.3509892013484273,-0.6770483329363548,0.6438985776727468,2.160571874605121,2.1194797908210465,-1.0491940499815582,-0.7117899290870854,-0.2151994849800956,-0.941979853126042,-0.4406371309685001,-0.0884483150661429,-0.9590407511940886,-0.0010939967616377824,-0.7394766166637217,-0.9148123199277881,-0.6052016477571837,-0.9256678311096718,-0.5413624722785444,-1.018796732957672,-0.37283137676689304,-0.4394565185284006,-0.7310468182365968,-0.8707636963439216,-0.20189297639588868,0.08258156819161248,-0.5414630474698771,-0.2783413364823807,-0.5326305313254986,0.8864755988084925,0.45708651317022264,-1.0629589806788236,0.4585420929557597,-0.7743118785342433,-0.37153777664553955,1.4187732738976306,-1.0207453973835778,-0.08287540482220464,1.0616143993822102,0.19926588176624735,-0.4502282271529339,-1.7636880311196106,0.8988340071139491,1.4007853938139572,-0.8571509575927307,1.7206685936098216,-0.3899056434217903,1.2148132324502836
-1.4923231123016902,-1.1259024051207558,-1.0768679169526854,-0.4930425259859888,-0.674640829758508,0.2725917129549117,-0.25304576803206286,-0.4379126216374118,-0.543262448104051,1.1328725281307868,-0.4455264244102661,0.02300445109206077,-1.0974565329534087,0.29487927053515517,0.4366111602243239,0.09290811969589378,-1.3569718371391533,-0.31543894014850526,0.20694470308182514,-0.42253242475581165,-0.4021760875441518,-0.3550852291955032,0.3560825654752121,-0.8849642605577005,0.6707461438478887,-0.16870809944543483,-0.17231531581796927,1.167203867605038,-0.8716391014470573,-0.051609545779621305,0.03416436786372307,-0.8159640142890272,-0.8262641167706868,0.5342687071538774,-0.8223262985325683,-0.4780663686361616,-0.06866343145512617,0.18089867482573446,1.2223913869274452,-0.47846355979178695,0.2232159122470495,-1.3656507551655839,0.9679728466560293,1.8302063703307954,0.45072779565711335,1.098534361883249,1.1052293619665197,1.8173725585166438,1.1678549959612863,0.22280143745563125,-0.1900309222334835,1.048483529137054,1.4096552273477276,-0.07891333102200358,0.6881769737573342,0.2316522941460905,1.226064134512126,-0.3152472775811457,0.35887244657227885,1.4280439704015968,0.17145395669907004,-0.29760405941449103,0.33952388346888907,1.4756749899850026,0.7014988968389668,-2.0685334640048283,-0.43642350655482137,-0.9468163476397233,0.7048067876046643,1.64965474811873
-1.001626400147612,-0.8935976546345462,-0.3148458475685118,-0.5518471885744459,-0.5761431177914069,-0.2888942075883037,-0.35309303531491915,-0.20728173026439378,0.27448285181979826,1.2148575377514261,0.06703099781048327,1.50921907180709,-0.1834183003035603,1.2992606873938048,0.9766109778517845,-0.18002895154502777,-0.9823473674956982,-0.9612699458576923,0.010124787283875909,-0.8973828007781546,-0.7924414326959853,-0.23220615634805963,0.9116081332608568,-0.004030486249587723,0.152750099343279,-0.5266952274763644,-0.29680803457443833,-0.40834606914572036,0.5386041461917869,-0.14390738050380272,0.3259974290329965,-0.2770794901236877,0.3473876767793823,-0.22714239414038062,-0.14866808902966244,-0.4072051234015713,0.40449629121014397,0.20945216605436415,-1.0509445707129654,-0.001986734276778105,-0.2129891951685716,-0.31354067081121867,0.832644568688401,1.2734672120634216,2.452147683406773,0.15019151389684146,-0.3161317619783305,-0.6155724913507781,-0.7283385241423258,-0.6535015897521258,0.6251273929566044,0.029962855503565703,0.06968392103845841,-0.3835902231474927,0.6853328483132077,-0.1792911769880337,0.38938896014591073,-0.6047911720257002,0.4648608919229289,1.4039985518795193,0.7573242066979031,-0.9267854741493443,-0.9512011715511574,-0.5477415405029658,0.45856576602084287,-0.07717313392994637,0.4941531516123158,0.8486622281985444,0.9004148954693154,0.8838432033503777
-0.025121959027668683,-0.08248822486035605,-0.6968579058071829,-0.07612870535528794,-0.09680015297687436,-0.5689278075029346,-0.3061839444311168,-0.02594640669106323,0.29950666866171266,-0.312472605779221,0.5119407567286439,0.06099363448796964,-0.26871277143995054,0.16178004768617146,0.13926211472423816,-0.016494422894592038,0.5623815502030851,0.23844944475955396,0.4509090115841971,1.303739402464983,-0.025124598929538944,-0.018973259825426542,1.1205255284771163,2.358219647323911,2.3528584831712416,0.7667929843533263,-0.1321224214770069,0.7014365951376635,1.587497774247252,0.8255138282867563,2.352407407511875,1.391028627353444,0.8053588677927059,0.7824183006166352,1.4951884026333082,-0.3607464354279053,3.4078841567944775,1.2745354925875443,1.8302770851516672,1.3493351693801074,0.6440143055040544,0.4635012929720325,1.3012335683432503,-0.5674025609915425,-0.05308857746454497,1.9175126738737012,0.561287154662811,-0.25360953251752333,-0.2426808610291857,0.23972788483856783,2.591097357456165,-0.15826469744166438,1.109065966371472,0.17246888711679118,1.8004835334037634,0.13517618373755458,0.24303935253498107,1.2300404682466177,-0.9739129421834086,0.8602915404746116,-0.28162843049244196,-0.4034857830596013,-0.7211445913305206,1.8633717816847495,2.6270745067730013,-1.2687300120252671,-0.46924919933923104,0.1595923734341646,-0.7830944738829348,0.16156052333248788
-0.0855867686625981,-0.04647615291064506,-0.24722535324626566,-0.5453560462372493,-0.5483701872145172,-0.153114242521801,-0.3856870343414889,-0.43698452969243684,-0.9844951173685483,-0.6711522524402064,0.037329528485300065,-0.7627238870637453,-0.09607777056700671,-1.279198935588918,-1.9556810691096098,-0.2629340404156056,-0.03725621289183709,0.06656006031206145,-0.9986912719473103,0.9889353560364279,-0.2820868108283577,-0.17328254800612128,0.94074230407351,1.8089159088238838,1.885197236702038,1.2313275447055647,0.17158418295929595,-0.3619203501747774,-0.7804365168098407,-0.5528309886278323,-0.9392332066627681,-1.0829069002690834,-0.938535959019143,-0.03451818715299851,-0.7890390866334527,-0.8633964580283526,-1.409309276884093,-1.1867442686983023,-1.0309426185644395,-1.2753454479346633,-0.4145516636818371,-1.1644155689007931,-1.8350046311944332,-0.2094970447556875,-1.1373634591963688,-0.7159228903430483,0.5366295457626904,0.4693524529257166,-0.5971633307439606,-0.8762329635362511,-1.6564919259919235,-0.8682565962819411,-0.27918353578162475,1.1513001719645144,-0.5325291136840099,-0.5540365626066676,-1.401844889469144,1.658826310245425,-0.2889654707930241,1.0193699721005156,0.9640714217990877,2.7392065027563004,0.06215126267555182,-0.20861049867706893,-0.45339991323120044,-0.6368902133594199,1.0273261804934546,-1.0178227365716193,-0.04195635649133738,-0.2731173373665217
-0.40211354083901907,-0.08340836301995488,-0.30950391642018804,-0.029269474285920184,-0.5215753176482051,0.12339410555299277,-0.13794854152569838,-0.19719226573234822,-0.5202368411710406,0.5958637362359746,-0.2930181609289218,0.7102345816836234,-0.15684761340982734,0.7361059277367059,-2.004488108820454,-0.43830159220814147,-1.4744395679671554,-0.6845020848278291,-0.32617201694354764,0.11135949566264138,-0.7301193879195709,-0.22688569508544756,-1.4564041854959513,0.06540813253671088,-0.47210793041704485,-0.286404901304371,-0.0973549640319515,-1.1555408948018098,0.8101764489864991,1.2507996390346061,1.378166716373693,2.109973205071852,0.6663988002905367,-0.6840360809240678,1.123779818037135,-0.3745451786563967,-0.30497336201723463,2.6400988702307484,-0.2890109916227332,1.7036778106886765,0.24477525112235468,0.8581819349761188,0.35525589759677106,-0.37186184009373274,0.08327795719533429,-0.4726760008059984,-0.8044192015774204,-1.499439238391333,-0.0864305759748319,-0.6815724055130219,-0.7043992844931121,-0.3050165660108776,-0.19002385165333427,1.0749583005271293,-0.5430442419201083,0.9156974460299898,0.9487026485489334,-0.30221404001620306,0.0065099175986098115,-0.4140018453754607,-0.302335150462742,1.1493906357117463,-0.12436297765229262,0.512493060404689,0.7339572150013559,1.2908166696789012,1.5887946197717553,-0.532135022284091,-1.1552568675370305,-0.6339457222897893
-0.6789303310675752,-0.3937884131958753,-1.8510529027093157,-0.5490969763188787,0.04800540039650007,0.3340943723049472,-0.30748313248497894,-0.21883464693733523,0.09012406416367565,-0.6022879108853081,-0.9123285111754189,-1.4513013395847736,-0.6234550824667225,-0.6601385801737681,0.3522225886511509,0.12739649247694063,-0.5284909434750308,-0.26439166754339344,0.9886039289274822,1.5433028747098312,0.018534001577616376,0.08314684252578776,1.8361787971494672,-0.43017254359814,1.2764584990806769,0.12332388072849645,0.21001788141286362,1.4435322106918336,0.36599033578356505,0.16959903172112523,-0.0019105599146521325,-0.3753310978500559,-0.03652902324181701,0.033615120073427665,-0.38663445461494855,-0.2232276629492639,0.7492447897864032,-1.3014233056891433,0.42378840370435455,-0.5779226693574108,-0.15616233503608878,-0.0921459474165401,0.29677463678707916,0.44682037181460416,0.23809281926953724,-0.4432906842704137,-0.4307323208470911,-0.3221028758877078,-1.015073250675483,-0.02336354595727104,-0.4028471951554512,-0.4450666905638827,1.2868697374134956,-0.911315045493629,0.00554654597162843,-0.20343363359090338,-1.227751525941053,-0.8674945465710928,-1.0274775690449285,-1.0852167075144148,0.3639983982576971,1.0917715143560542,-0.5170732943325413,-1.0050011605141997,-1.971802792249458,-0.06076830772832137,-0.6653204640604482,0.15843973550284188,-1.0458981007723889,-0.662214370007064
-2.0864091653891657,-1.5392928448847876,0.030747858443991433,-0.3688375589150987,-0.2937620400315922,-0.01912273881826343,-0.16719521178343366,-0.4208669381246982,-0.8408017016298692,-0.33316763928100196,-1.0311253673496064,2.7339646767566768,-0.7867350495558327,-0.807308566453041,-0.27425592263477033,-1.0383736267674735,0.3343411800675512,-0.6010281159724894,-0.43947941855590433,0.6598431246673335,-0.1027733235821055,-0.40601411589082503,-0.576364464061134,0.01816384504190612,-0.4495953384713375,0.11054208277566399,-1.0976011309986577,-1.5516620030135058,-0.6628757203508479,-1.2710133516130826,-1.1345673135605037,-1.317740196596979,-0.37755841167477494,-0.6407388036574696,0.125944785081139,-0.598343222144146,-0.302544245956161,-0.8237927114916253,-1.0510844689000727,0.8226831129480467,-0.5517942213369961,-0.2526706217337395,0.6198092757086662,0.7726634436746237,-1.354385921119549,-0.4652906308214418,-0.10019927996936547,0.8859721937578203,-0.9118179315556777,0.1832331132239179,0.3610187803650805,2.546118850042167,1.3965263113491881,1.0771807297481202,0.8746952627553853,-0.15892346594218743,-1.484498651653316,-0.5912387894148612,-1.0196435596078592,-0.6847446048626747,-0.22668146846203932,-0.5143162121508367,-0.4428599417669341,-0.8631628651252935,-1.01826071435567,0.26527156251582396,0.022595940048634026,0.23228724242376061,-1.3636459783649395,0.12800808440467254
0.7403462357033115,2.9500587410062074,1.4470909841147335,3.612217062778257,1.1258828521084656,-0.5434314829422091,0.6330969668673518,-0.10531184077274014,2.121258017247026,0.38179030455885243,-0.21071717627624056,-0.38853917371887325,-0.20224006768154468,0.031474280457139826,0.04990495861361028,3.146994006152877,0.9425781826037292,3.7433213580916767,0.8842783644987751,0.5040213021203831,0.5577582144329691,-0.22202771273529778,0.13106403193602215,-0.8255639287215455,-0.03792764861245394,0.9803931707510867,-0.674548762274317,0.058850441576234674,-0.28248819294085326,1.0676841601127613,0.357144375267273,2.8741851471771254,-0.5809439101835283,0.28409603032944425,0.712860938172863,-0.24785607318492942,1.1320908974470394,0.8017384618451538,-0.7020000746759857,0.4533064888365137,-0.5275520674713323,-0.05696436542628701,-1.7644031235040565,0.17736844113364408,0.11201150381334678,2.338258836430894,-0.7500373585853114,-0.5699247416741051,1.5608992696286579,0.19952269144333754,0.4134193513510569,-0.0745035810032696,-1.7888070619888958,-0.8485687244939288,-1.3019928366909719,-0.7745723671431973,-0.21585509430204092,-1.0779342358736688,-0.6227110971245434,-0.5430208312401439,-0.8250920822155416,-0.8207370347659707,0.04684082556435945,0.10634189728907675,-0.787755975249213,2.2726175093625214,-1.5709509669124073,0.8064505347769871,-0.7322172991528105,-1.1329603029589184
0.40070708483482526,0.3490336063964483,-0.6668144947927819,-0.24930727835249455,0.8428024559041452,1.1366210077293122,0.023100558084471225,-0.1322601824825128,0.3101456605744852,0.7814835052283869,-0.8203203652022071,0.23186300933054843,0.5093688706895569,1.4905686458582135,1.11917867758539,-0.1701639791475556,-1.2090610790728973,0.4806891983702129,0.7439676451864984,-0.4991183231233921,-0.4273436986475203,-0.08021224348607925,1.0624719940115475,0.132347077903099,-0.12232220224299341,1.3504176611840972,-0.4732058404008114,0.7446630824067101,0.2162321055039454,1.2679140553934525,-0.3406195084623851,0.6766251757397944,-0.2887316995617744,1.4532361599166381,-1.04442040054575,0.1017520813452576,-0.7094599580980543,-0.4844315761669986,1.7901396934363247,-1.2177714123381624,2.3765705789835687,-0.1515097035935218,-0.7990048954487624,0.3897084646094362,-0.3345436829425736,-0.5568608512039087,-1.5604215394171892,-0.7430187519678264,0.7842492101046566,-0.4991430978023527,-1.010070627863414,-0.7344349302231507,0.5748508990819452,-0.6447279591170347,-0.35624978132607577,-1.0323181818093854,0.11535375276776036,1.0902070444082372,-0.050492915922992286,-0.17234885217870352,-0.7853276462280998,-0.3600173763581371,2.1357746609142656,-1.9434536971373102,1.0515662808502588,1.3881504065824197,1.0706343123277227,-1.0658943146429205,0.507551050556621,0.29561556393264865
-0.21777123525232506,-0.5623873815290132,-0.3269671422536259,0.032307633855884574,0.06797373089418532,-0.17385370395868913,-0.19002987707645236,-0.036562128008418196,-0.4140446037967958,0.5179961921040053,-0.01737621893617295,0.8396435052940593,0.44388804738826215,1.142577996825585,0.580099971605622,-0.5973830993480248,-0.16570205902399565,0.26737139666866155,-0.08193892360450229,-0.32640938814560716,0.9706688821662155,-0.20971048467613815,2.849975965404808,1.104605376331111,0.9152852290767529,0.4493226641775806,-0.5371145601275901,0.1695067132882332,-0.18553990609710516,-0.5473750554463864,0.1318764854165362,-0.11705259593455268,0.07042979089724251,-0.4191079910595562,-0.1777135846175206,-0.08975480787891603,1.2315487331220083,0.3833668596399964,-1.5198776033126769,0.5429365598790242,-0.5937927639707499,0.3615277163592987,0.8523096886743646,1.4769181164403862,1.3461682946810396,-0.24630419265189438,3.1015131517472305,1.8797489840790969,-0.7998008889757044,-0.14778175699613325,-0.9901610155291083,2.423518580021695,-0.8702972742891234,1.6379424997365373,0.5448949903617214,2.786979332871945,1.692763438786335,-0.15162928883362653,2.583389684603456,-1.1694504425146304,2.5023059651415402,1.5934613619038007,0.3930752326798154,0.5585664385837293,0.5057618351181598,-0.3826740345966638,1.9101233932746362,2.372793633172005,1.7090260447373304,1.6614489848110165
0.564373707231527,-0.655745728743929,-0.8487711186297248,-0.6423820036578615,1.879977109707174,0.3724149592865411,-0.3548165041189861,0.38142580822959693,1.3349116517053612,2.5255015647441095,0.8229252199582183,1.4642450757207752,0.564279152139176,2.4770173320647304,-0.7126758169810449,-1.1399949929148754,-1.9694889707465815,-0.23286931494294882,-1.3839034985938186,-1.9535379633414052,-0.3849042917670949,-0.2603843414924251,-0.5990928359877093,-1.2171399602891273,-0.8864116947601239,-1.5897607260235564,-0.936535990230703,-1.2213045383149361,-0.42315101343756567,-0.10731578988752188,0.037562294392704726,0.8799113678557461,-0.6172760174004427,-1.0378710034072767,-1.1672365570267977,-0.48257543243776724,-0.3667705692820585,-1.1829690119827678,-0.65149882676049,-1.1903720420811394,-0.7846893578700066,-0.12080560946329688,-0.09698256049284819,-0.8978558492089612,0.8587804344483287,0.5181585324048055,-0.03646480798004672,0.18755553081898904,-0.23178879996267962,-0.40981137847086074,-0.4564113992488497,0.5145787504527045,-1.964932077718269,0.6279699938187202,-1.3182038034216483,0.6932322265616266,0.6386414431075734,-1.4349430766325628,1.1392029709505243,2.212327913988143,1.596229762815867,0.4678083850409852,2.031469915033376,1.2221510417854209,-0.9301822406964624,0.5769148306552919,-0.16038506852474638,0.5483129622239875,0.7500320991808276,0.5020381701699262
-1.1034534652897494,-0.1404762148196415,-1.0786736870034843,-0.4613526035711259,2.726553947894252,3.796519255716244,-0.3794446112433777,0.031414636009439896,0.4941970430580892,0.6284856514472384,-0.2425616868520138,0.26202780664374103,0.08869300080648536,0.7918802281236937,0.09510446497244095,-0.37474864682401776,0.9682334422583037,-0.5041349484696301,0.5030371012123116,0.7566682756897966,-0.39975829700692794,-0.2753345637990865,0.04528848179989134,-0.496876250346885,-0.042794417963984414,-0.388592913547384,0.5592453873875353,-0.3649097013327262,-0.6296264580463364,-0.9291630801006207,-0.6184902414289178,-0.716760705610375,0.6391033332400297,0.24108403433335795,-0.7819693918574773,-0.42649476781216117,1.3456555444174925,0.8309120878027774,0.11163090648061524,1.1016117734116417,-0.9005926841651479,0.08883490351664723,0.21383856869721993,0.39772901536249783,-0.21520462096424708,-0.10285501266099714,0.6049839789633409,1.1268810908432092,1.4429896551373032,-0.38392676939643666,0.3308061554579678,-0.7643381865728569,-0.07606278984746791,0.0925773168697545,-0.49852682843137075,0.7641121092979509,1.880681383873064,0.6388120899517928,1.1630562189349054,-0.33308326777892266,-0.27618015362406634,0.08825202166633138,2.869920242266055,-0.4116164665928387,1.0743059580224055,-0.280103900928039,-0.35533676971548117,-0.15749868329338015,1.029456590903234,-0.45894817572685165
0.07909702008188663,1.0783512452506465,0.2628059905068168,-0.27694813632014437,0.5837318533350562,1.320070601267579,-0.23814204930231567,-0.052243118314732134,2.8789944971086725,-0.6162813511190667,1.1956991291781331,-0.01463081412224505,1.0174743931012404,-0.2530382112582538,0.48543987887131085,-0.06127971394418303,0.06709488400830502,-0.607821129792348,0.27861167430230177,0.0279791514341757,1.2251365728503127,-0.16340411756512752,-0.7563369156754304,0.2225991883163328,-1.288491839390911,-0.35077185469176503,-0.6627341461577337,-0.5076750289696766,3.549782718776996,2.9377363550030084,2.421667427510581,-0.6476932618868805,3.9961090814862894,3.134284494545149,2.290608318575891,0.3384680130106181,0.6700971244757947,1.292846589885149,0.964824583817886,2.6267619596446683,1.3547516132415247,3.6055526712752854,1.8316455523822375,1.8730397972778392,1.4170164802104745,1.956421060869924,1.5043455994226396,-0.25652351942619706,2.5489284328977195,-0.0007540483403959745,1.2062752015124085,0.6224228891333032,0.15222470221270898,2.6322637439584535,0.07165622317223395,2.4307679249030185,-0.44950946183149826,1.935426967613283,1.6725028525862504,0.6080880560335361,-0.16301934364317952,-0.4681335594585772,-0.24051160399164587,1.4194542017885898,0.15363238994775819,-0.7265619274234554,1.8467964530216407,0.725479852251385,0.34294738040673245,1.0518235792291222
